{
  "version": "1.0",
  "id": "demo_level_01",
  "name": "Demo Level 01",
  "engineType": "topdown-3d",
  "terrain": {
    "mode": "lowpoly",
    "gridW": 24,
    "gridD": 24,
    "cellSize": 2,
    "elevation": [
      0.786,
      0.65,
      0.487,
      0.303,
      0.107,
      -0.094,
      -0.291,
      -0.478,
      -0.644,
      -0.783,
      -0.886,
      -0.949,
      -0.971,
      -0.95,
      -0.887,
      -0.785,
      -0.65,
      -0.485,
      -0.3,
      -0.101,
      0.101,
      0.3,
      0.485,
      0.65,
      0.65,
      0.539,
      0.406,
      0.26,
      0.105,
      -0.053,
      -0.213,
      -0.37,
      -0.516,
      -0.638,
      -0.729,
      -0.784,
      -0.803,
      -0.785,
      -0.734,
      -0.65,
      -0.537,
      -0.401,
      -0.248,
      -0.084,
      0.084,
      0.248,
      0.401,
      0.537,
      0.487,
      0.406,
      0.315,
      0.221,
      0.128,
      0.033,
      -0.077,
      -0.204,
      -0.336,
      -0.45,
      -0.533,
      -0.582,
      -0.599,
      -0.587,
      -0.548,
      -0.485,
      -0.401,
      -0.3,
      -0.185,
      -0.063,
      0.063,
      0.185,
      0.3,
      0.401,
      0.303,
      0.26,
      0.221,
      0.199,
      0.196,
      0.19,
      0.145,
      0.044,
      -0.091,
      -0.216,
      -0.304,
      -0.351,
      -0.368,
      -0.362,
      -0.339,
      -0.3,
      -0.248,
      -0.185,
      -0.115,
      -0.039,
      0.039,
      0.115,
      0.185,
      0.248,
      0.107,
      0.105,
      0.128,
      0.196,
      0.307,
      0.415,
      0.446,
      0.365,
      0.21,
      0.056,
      -0.049,
      -0.101,
      -0.12,
      -0.122,
      -0.114,
      -0.101,
      -0.084,
      -0.063,
      -0.039,
      -0.013,
      0.013,
      0.039,
      0.063,
      0.084,
      -0.094,
      -0.053,
      0.033,
      0.19,
      0.415,
      0.636,
      0.745,
      0.686,
      0.512,
      0.331,
      0.21,
      0.154,
      0.133,
      0.124,
      0.115,
      0.102,
      0.084,
      0.063,
      0.039,
      0.013,
      -0.013,
      -0.039,
      -0.063,
      -0.084,
      -0.291,
      -0.213,
      -0.077,
      0.145,
      0.446,
      0.745,
      0.915,
      0.891,
      0.733,
      0.56,
      0.447,
      0.398,
      0.38,
      0.364,
      0.339,
      0.3,
      0.248,
      0.185,
      0.115,
      0.039,
      -0.039,
      -0.115,
      -0.185,
      -0.248,
      -0.478,
      -0.37,
      -0.204,
      0.044,
      0.365,
      0.686,
      0.891,
      0.923,
      0.83,
      0.715,
      0.644,
      0.618,
      0.608,
      0.588,
      0.548,
      0.485,
      0.401,
      0.3,
      0.185,
      0.063,
      -0.063,
      -0.185,
      -0.3,
      -0.401,
      -0.644,
      -0.516,
      -0.336,
      -0.091,
      0.21,
      0.512,
      0.733,
      0.83,
      0.832,
      0.807,
      0.799,
      0.807,
      0.808,
      0.786,
      0.734,
      0.65,
      0.537,
      0.401,
      0.248,
      0.084,
      -0.084,
      -0.248,
      -0.401,
      -0.537,
      -0.783,
      -0.638,
      -0.45,
      -0.216,
      0.056,
      0.331,
      0.56,
      0.715,
      0.807,
      0.87,
      0.922,
      0.961,
      0.974,
      0.95,
      0.887,
      0.785,
      0.65,
      0.485,
      0.3,
      0.101,
      -0.101,
      -0.3,
      -0.485,
      -0.65,
      -0.886,
      -0.729,
      -0.533,
      -0.304,
      -0.049,
      0.21,
      0.447,
      0.644,
      0.799,
      0.922,
      1.016,
      1.077,
      1.097,
      1.073,
      1.002,
      0.887,
      0.734,
      0.548,
      0.339,
      0.115,
      -0.115,
      -0.339,
      -0.548,
      -0.734,
      -0.949,
      -0.784,
      -0.582,
      -0.351,
      -0.101,
      0.154,
      0.398,
      0.618,
      0.807,
      0.961,
      1.077,
      1.15,
      1.174,
      1.148,
      1.072,
      0.95,
      0.785,
      0.587,
      0.363,
      0.123,
      -0.123,
      -0.363,
      -0.587,
      -0.785,
      -0.971,
      -0.803,
      -0.599,
      -0.368,
      -0.12,
      0.133,
      0.38,
      0.608,
      0.808,
      0.974,
      1.097,
      1.174,
      1.2,
      1.174,
      1.096,
      0.971,
      0.802,
      0.599,
      0.37,
      0.124,
      -0.126,
      -0.371,
      -0.6,
      -0.803,
      -0.95,
      -0.785,
      -0.587,
      -0.362,
      -0.122,
      0.124,
      0.364,
      0.588,
      0.786,
      0.95,
      1.073,
      1.148,
      1.174,
      1.148,
      1.072,
      0.948,
      0.781,
      0.58,
      0.355,
      0.116,
      -0.127,
      -0.364,
      -0.587,
      -0.786,
      -0.887,
      -0.734,
      -0.548,
      -0.339,
      -0.114,
      0.115,
      0.339,
      0.548,
      0.734,
      0.887,
      1.002,
      1.072,
      1.096,
      1.072,
      0.999,
      0.879,
      0.716,
      0.519,
      0.304,
      0.085,
      -0.132,
      -0.347,
      -0.551,
      -0.734,
      -0.785,
      -0.65,
      -0.485,
      -0.3,
      -0.101,
      0.102,
      0.3,
      0.485,
      0.65,
      0.785,
      0.887,
      0.95,
      0.971,
      0.948,
      0.879,
      0.761,
      0.592,
      0.391,
      0.188,
      0.007,
      -0.159,
      -0.325,
      -0.493,
      -0.651,
      -0.65,
      -0.537,
      -0.401,
      -0.248,
      -0.084,
      0.084,
      0.248,
      0.401,
      0.537,
      0.65,
      0.734,
      0.785,
      0.802,
      0.781,
      0.716,
      0.592,
      0.405,
      0.184,
      -0.009,
      -0.133,
      -0.216,
      -0.305,
      -0.419,
      -0.541,
      -0.485,
      -0.401,
      -0.3,
      -0.185,
      -0.063,
      0.063,
      0.185,
      0.3,
      0.401,
      0.485,
      0.548,
      0.587,
      0.599,
      0.58,
      0.519,
      0.391,
      0.184,
      -0.058,
      -0.238,
      -0.296,
      -0.28,
      -0.28,
      -0.329,
      -0.408,
      -0.3,
      -0.248,
      -0.185,
      -0.115,
      -0.039,
      0.039,
      0.115,
      0.185,
      0.248,
      0.3,
      0.339,
      0.363,
      0.37,
      0.355,
      0.304,
      0.188,
      -0.009,
      -0.238,
      -0.385,
      -0.384,
      -0.295,
      -0.226,
      -0.22,
      -0.256,
      -0.101,
      -0.084,
      -0.063,
      -0.039,
      -0.013,
      0.013,
      0.039,
      0.063,
      0.084,
      0.101,
      0.115,
      0.123,
      0.124,
      0.116,
      0.085,
      0.007,
      -0.133,
      -0.296,
      -0.384,
      -0.345,
      -0.23,
      -0.133,
      -0.092,
      -0.09,
      0.101,
      0.084,
      0.063,
      0.039,
      0.013,
      -0.013,
      -0.039,
      -0.063,
      -0.084,
      -0.101,
      -0.115,
      -0.123,
      -0.126,
      -0.127,
      -0.132,
      -0.159,
      -0.216,
      -0.28,
      -0.295,
      -0.23,
      -0.119,
      -0.019,
      0.045,
      0.08,
      0.3,
      0.248,
      0.185,
      0.115,
      0.039,
      -0.039,
      -0.115,
      -0.185,
      -0.248,
      -0.3,
      -0.339,
      -0.363,
      -0.371,
      -0.364,
      -0.347,
      -0.325,
      -0.305,
      -0.28,
      -0.226,
      -0.133,
      -0.019,
      0.09,
      0.178,
      0.246,
      0.485,
      0.401,
      0.3,
      0.185,
      0.063,
      -0.063,
      -0.185,
      -0.3,
      -0.401,
      -0.485,
      -0.548,
      -0.587,
      -0.6,
      -0.587,
      -0.551,
      -0.493,
      -0.419,
      -0.329,
      -0.22,
      -0.092,
      0.045,
      0.178,
      0.298,
      0.401,
      0.65,
      0.537,
      0.401,
      0.248,
      0.084,
      -0.084,
      -0.248,
      -0.401,
      -0.537,
      -0.65,
      -0.734,
      -0.785,
      -0.803,
      -0.786,
      -0.734,
      -0.651,
      -0.541,
      -0.408,
      -0.256,
      -0.09,
      0.08,
      0.246,
      0.401,
      0.537
    ],
    "faceColors": [
      2,
      2,
      2,
      2,
      2,
      2,
      2,
      2,
      2,
      2,
      3,
      3,
      4,
      4,
      4,
      4,
      4,
      4,
      4,
      4,
      4,
      4,
      4,
      4,
      4,
      4,
      4,
      4,
      4,
      4,
      4,
      4,
      4,
      4,
      4,
      4,
      3,
      3,
      3,
      3,
      2,
      2,
      2,
      2,
      2,
      2,
      2,
      2,
      2,
      2,
      2,
      2,
      2,
      2,
      2,
      2,
      3,
      3,
      4,
      4,
      4,
      4,
      4,
      4,
      4,
      4,
      4,
      4,
      4,
      4,
      4,
      4,
      4,
      4,
      4,
      4,
      4,
      4,
      4,
      4,
      4,
      4,
      3,
      3,
      3,
      3,
      2,
      2,
      2,
      2,
      2,
      2,
      2,
      2,
      2,
      2,
      2,
      2,
      2,
      2,
      2,
      2,
      2,
      2,
      3,
      3,
      3,
      3,
      4,
      4,
      4,
      4,
      4,
      4,
      4,
      4,
      4,
      4,
      4,
      4,
      4,
      4,
      4,
      4,
      4,
      4,
      3,
      3,
      3,
      3,
      3,
      3,
      2,
      2,
      2,
      2,
      2,
      2,
      2,
      2,
      2,
      2,
      2,
      2,
      2,
      2,
      2,
      2,
      2,
      2,
      2,
      2,
      2,
      2,
      3,
      3,
      3,
      3,
      4,
      4,
      4,
      4,
      4,
      4,
      4,
      4,
      4,
      4,
      3,
      3,
      3,
      3,
      3,
      3,
      3,
      3,
      3,
      3,
      2,
      2,
      2,
      2,
      2,
      2,
      2,
      2,
      2,
      2,
      2,
      2,
      2,
      2,
      2,
      2,
      2,
      2,
      2,
      2,
      2,
      2,
      2,
      2,
      2,
      2,
      2,
      2,
      2,
      2,
      2,
      2,
      2,
      2,
      2,
      2,
      2,
      2,
      3,
      3,
      3,
      3,
      2,
      2,
      3,
      3,
      3,
      3,
      3,
      3,
      2,
      2,
      3,
      3,
      3,
      3,
      2,
      2,
      2,
      2,
      2,
      2,
      2,
      2,
      2,
      2,
      2,
      2,
      2,
      2,
      2,
      2,
      2,
      2,
      2,
      2,
      2,
      2,
      2,
      2,
      2,
      2,
      2,
      2,
      2,
      2,
      2,
      2,
      2,
      2,
      3,
      3,
      3,
      3,
      3,
      3,
      3,
      3,
      4,
      4,
      4,
      4,
      3,
      3,
      2,
      2,
      2,
      2,
      2,
      2,
      2,
      2,
      2,
      2,
      2,
      2,
      2,
      2,
      2,
      2,
      2,
      2,
      2,
      2,
      2,
      2,
      2,
      2,
      2,
      2,
      2,
      2,
      2,
      2,
      2,
      2,
      3,
      3,
      3,
      3,
      3,
      3,
      4,
      4,
      4,
      4,
      4,
      4,
      3,
      3,
      2,
      2,
      2,
      2,
      2,
      2,
      2,
      2,
      2,
      2,
      2,
      2,
      2,
      2,
      2,
      2,
      2,
      2,
      2,
      2,
      2,
      2,
      2,
      2,
      2,
      2,
      2,
      2,
      2,
      2,
      2,
      2,
      3,
      3,
      3,
      3,
      4,
      4,
      4,
      4,
      4,
      4,
      4,
      4,
      4,
      4,
      3,
      3,
      2,
      2,
      2,
      2,
      2,
      2,
      2,
      2,
      2,
      2,
      2,
      2,
      2,
      2,
      2,
      2,
      2,
      2,
      2,
      2,
      2,
      2,
      2,
      2,
      2,
      2,
      2,
      2,
      2,
      2,
      3,
      3,
      3,
      3,
      4,
      4,
      4,
      4,
      4,
      4,
      4,
      4,
      4,
      4,
      3,
      3,
      2,
      2,
      2,
      2,
      2,
      2,
      2,
      2,
      2,
      2,
      2,
      2,
      2,
      2,
      2,
      2,
      2,
      2,
      2,
      2,
      2,
      2,
      2,
      2,
      2,
      2,
      2,
      2,
      2,
      2,
      3,
      3,
      4,
      4,
      4,
      4,
      4,
      4,
      4,
      4,
      4,
      4,
      4,
      4,
      4,
      4,
      2,
      2,
      2,
      2,
      2,
      2,
      2,
      2,
      2,
      2,
      2,
      2,
      2,
      2,
      2,
      2,
      2,
      2,
      2,
      2,
      2,
      2,
      2,
      2,
      2,
      2,
      2,
      2,
      2,
      2,
      3,
      3,
      4,
      4,
      4,
      4,
      4,
      4,
      4,
      4,
      4,
      4,
      4,
      4,
      4,
      4,
      2,
      2,
      2,
      2,
      2,
      2,
      2,
      2,
      2,
      2,
      2,
      2,
      2,
      2,
      2,
      2,
      2,
      2,
      2,
      2,
      2,
      2,
      2,
      2,
      2,
      2,
      2,
      2,
      2,
      2,
      3,
      3,
      4,
      4,
      4,
      4,
      4,
      4,
      4,
      4,
      4,
      4,
      4,
      4,
      4,
      4,
      2,
      2,
      2,
      2,
      2,
      2,
      2,
      2,
      2,
      2,
      2,
      2,
      2,
      2,
      2,
      2,
      2,
      2,
      2,
      2,
      2,
      2,
      2,
      2,
      2,
      2,
      2,
      2,
      2,
      2,
      3,
      3,
      4,
      4,
      4,
      4,
      4,
      4,
      4,
      4,
      4,
      4,
      4,
      4,
      4,
      4,
      2,
      2,
      2,
      2,
      2,
      2,
      2,
      2,
      2,
      2,
      2,
      2,
      2,
      2,
      2,
      2,
      2,
      2,
      2,
      2,
      2,
      2,
      2,
      2,
      2,
      2,
      2,
      2,
      2,
      2,
      3,
      3,
      4,
      4,
      4,
      4,
      4,
      4,
      4,
      4,
      4,
      4,
      4,
      4,
      4,
      4,
      2,
      2,
      2,
      2,
      2,
      2,
      2,
      2,
      2,
      2,
      2,
      2,
      2,
      2,
      2,
      2,
      2,
      2,
      2,
      2,
      2,
      2,
      2,
      2,
      2,
      2,
      2,
      2,
      2,
      2,
      3,
      3,
      4,
      4,
      4,
      4,
      4,
      4,
      4,
      4,
      4,
      4,
      4,
      4,
      3,
      3,
      2,
      2,
      2,
      2,
      2,
      2,
      2,
      2,
      2,
      2,
      2,
      2,
      2,
      2,
      2,
      2,
      2,
      2,
      2,
      2,
      2,
      2,
      2,
      2,
      2,
      2,
      2,
      2,
      2,
      2,
      3,
      3,
      4,
      4,
      4,
      4,
      4,
      4,
      4,
      4,
      4,
      4,
      4,
      4,
      3,
      3,
      3,
      3,
      2,
      2,
      2,
      2,
      2,
      2,
      2,
      2,
      2,
      2,
      2,
      2,
      2,
      2,
      2,
      2,
      2,
      2,
      2,
      2,
      2,
      2,
      2,
      2,
      3,
      3,
      3,
      3,
      4,
      4,
      4,
      4,
      4,
      4,
      4,
      4,
      4,
      4,
      4,
      4,
      3,
      3,
      3,
      3,
      3,
      3,
      2,
      2,
      2,
      2,
      2,
      2,
      2,
      2,
      2,
      2,
      2,
      2,
      2,
      2,
      2,
      2,
      2,
      2,
      2,
      2,
      2,
      2,
      3,
      3,
      4,
      4,
      4,
      4,
      4,
      4,
      4,
      4,
      4,
      4,
      4,
      4,
      3,
      3,
      3,
      3,
      3,
      3,
      3,
      3,
      3,
      3,
      2,
      2,
      2,
      2,
      2,
      2,
      2,
      2,
      2,
      2,
      2,
      2,
      2,
      2,
      2,
      2,
      2,
      2,
      2,
      2,
      2,
      2,
      3,
      3,
      4,
      4,
      4,
      4,
      4,
      4,
      4,
      4,
      3,
      3,
      3,
      3,
      2,
      2,
      3,
      3,
      3,
      3,
      2,
      2,
      3,
      3,
      3,
      3,
      3,
      3,
      2,
      2,
      3,
      3,
      2,
      2,
      3,
      3,
      3,
      3,
      3,
      3,
      3,
      3,
      3,
      3,
      3,
      3,
      4,
      4,
      4,
      4,
      4,
      4,
      4,
      4,
      3,
      3,
      3,
      3,
      3,
      3,
      2,
      2,
      2,
      2,
      2,
      2,
      2,
      2,
      3,
      3,
      3,
      3,
      3,
      3,
      3,
      3,
      3,
      3,
      4,
      4,
      4,
      4,
      4,
      4,
      4,
      4,
      4,
      4,
      4,
      4,
      4,
      4,
      4,
      4,
      4,
      4,
      4,
      4,
      3,
      3,
      3,
      3,
      2,
      2,
      2,
      2,
      2,
      2,
      2,
      2,
      2,
      2,
      2,
      2,
      3,
      3,
      3,
      3,
      3,
      3,
      4,
      4,
      4,
      4,
      4,
      4,
      4,
      4,
      4,
      4,
      4,
      4,
      4,
      4,
      4,
      4,
      4,
      4,
      4,
      4,
      4,
      4,
      3,
      3,
      3,
      3,
      2,
      2,
      2,
      2,
      2,
      2,
      2,
      2,
      2,
      2,
      2,
      2,
      2,
      2,
      3,
      3,
      3,
      3,
      4,
      4,
      4,
      4,
      4,
      4,
      4,
      4,
      4,
      4,
      4,
      4,
      4,
      4,
      4,
      4,
      4,
      4,
      4,
      4,
      4,
      4,
      4,
      4,
      3,
      3,
      3,
      3,
      2,
      2,
      2,
      2,
      2,
      2
    ],
    "waterLevel": -0.2,
    "foliage": [
      {
        "type": "tree",
        "x": 20,
        "y": 0.922,
        "z": 18,
        "scale": 0.83,
        "paletteIndex": 2
      },
      {
        "type": "tree",
        "x": 4,
        "y": 0.128,
        "z": 8,
        "scale": 0.83,
        "paletteIndex": 2
      },
      {
        "type": "tree",
        "x": 30,
        "y": 0.785,
        "z": 18,
        "scale": 0.97,
        "paletteIndex": 2
      },
      {
        "type": "tree",
        "x": 14,
        "y": 0.485,
        "z": 30,
        "scale": 0.9,
        "paletteIndex": 2
      },
      {
        "type": "tree",
        "x": 12,
        "y": 0.733,
        "z": 16,
        "scale": 1.27,
        "paletteIndex": 2
      },
      {
        "type": "tree",
        "x": 24,
        "y": 0.133,
        "z": 10,
        "scale": 0.76,
        "paletteIndex": 2
      },
      {
        "type": "tree",
        "x": 10,
        "y": 0.124,
        "z": 26,
        "scale": 1.21,
        "paletteIndex": 2
      },
      {
        "type": "tree",
        "x": 38,
        "y": 0.123,
        "z": 22,
        "scale": 1.2,
        "paletteIndex": 2
      },
      {
        "type": "tree",
        "x": 8,
        "y": 0.196,
        "z": 6,
        "scale": 1.1,
        "paletteIndex": 2
      },
      {
        "type": "tree",
        "x": 18,
        "y": 0.331,
        "z": 10,
        "scale": 0.93,
        "paletteIndex": 2
      },
      {
        "type": "tree",
        "x": 32,
        "y": 0.781,
        "z": 26,
        "scale": 0.8,
        "paletteIndex": 2
      },
      {
        "type": "tree",
        "x": 26,
        "y": 0.786,
        "z": 16,
        "scale": 1.1,
        "paletteIndex": 2
      }
    ]
  },
  "entities": [
    {
      "id": "hero_01",
      "type": "hero",
      "team": 0,
      "position": [
        8,
        0,
        8
      ],
      "rotation": [
        0,
        0,
        0
      ],
      "scale": [
        1,
        1,
        1
      ],
      "stats": {
        "hp": 100,
        "maxHp": 100,
        "mana": 80,
        "maxMana": 80,
        "stamina": 60,
        "maxStamina": 60,
        "speed": 5,
        "attack": 15,
        "defense": 5,
        "resistance": 3
      },
      "abilities": [
        {
          "id": "fireball",
          "cooldown": 3
        },
        {
          "id": "heal_self",
          "cooldown": 8
        }
      ]
    },
    {
      "id": "archer_01",
      "type": "archer",
      "team": 0,
      "position": [
        10,
        0,
        6
      ],
      "rotation": [
        0,
        0,
        0
      ],
      "scale": [
        1,
        1,
        1
      ],
      "stats": {
        "hp": 70,
        "maxHp": 70,
        "mana": 50,
        "maxMana": 50,
        "stamina": 40,
        "maxStamina": 40,
        "speed": 4,
        "attack": 12,
        "defense": 3,
        "resistance": 2
      },
      "abilities": [
        {
          "id": "arrow_shot",
          "cooldown": 1.5
        }
      ]
    },
    {
      "id": "archer_02",
      "type": "archer",
      "team": 0,
      "position": [
        6,
        0,
        10
      ],
      "rotation": [
        0,
        0,
        0
      ],
      "scale": [
        1,
        1,
        1
      ],
      "stats": {
        "hp": 70,
        "maxHp": 70,
        "mana": 50,
        "maxMana": 50,
        "stamina": 40,
        "maxStamina": 40,
        "speed": 4,
        "attack": 12,
        "defense": 3,
        "resistance": 2
      },
      "abilities": [
        {
          "id": "arrow_shot",
          "cooldown": 1.5
        }
      ]
    },
    {
      "id": "enemy_01",
      "type": "grunt",
      "team": 1,
      "position": [
        36,
        0,
        36
      ],
      "rotation": [
        0,
        3.14,
        0
      ],
      "scale": [
        1,
        1,
        1
      ],
      "stats": {
        "hp": 60,
        "maxHp": 60,
        "mana": 0,
        "maxMana": 0,
        "stamina": 40,
        "maxStamina": 40,
        "speed": 3,
        "attack": 8,
        "defense": 2,
        "resistance": 0
      },
      "abilities": []
    },
    {
      "id": "enemy_02",
      "type": "grunt",
      "team": 1,
      "position": [
        40,
        0,
        32
      ],
      "rotation": [
        0,
        3.14,
        0
      ],
      "scale": [
        1,
        1,
        1
      ],
      "stats": {
        "hp": 60,
        "maxHp": 60,
        "mana": 0,
        "maxMana": 0,
        "stamina": 40,
        "maxStamina": 40,
        "speed": 3,
        "attack": 8,
        "defense": 2,
        "resistance": 0
      },
      "abilities": []
    },
    {
      "id": "enemy_03",
      "type": "grunt",
      "team": 1,
      "position": [
        32,
        0,
        40
      ],
      "rotation": [
        0,
        3.14,
        0
      ],
      "scale": [
        1,
        1,
        1
      ],
      "stats": {
        "hp": 60,
        "maxHp": 60,
        "mana": 0,
        "maxMana": 0,
        "stamina": 40,
        "maxStamina": 40,
        "speed": 3,
        "attack": 8,
        "defense": 2,
        "resistance": 0
      },
      "abilities": []
    },
    {
      "id": "enemy_archer_01",
      "type": "archer",
      "team": 1,
      "position": [
        38,
        0,
        38
      ],
      "rotation": [
        0,
        3.14,
        0
      ],
      "scale": [
        1,
        1,
        1
      ],
      "stats": {
        "hp": 50,
        "maxHp": 50,
        "mana": 40,
        "maxMana": 40,
        "stamina": 30,
        "maxStamina": 30,
        "speed": 3.5,
        "attack": 10,
        "defense": 2,
        "resistance": 1
      },
      "abilities": [
        {
          "id": "arrow_shot",
          "cooldown": 2
        }
      ]
    }
  ],
  "lights": [
    {
      "type": "ambient",
      "intensity": 0.5,
      "colorHex": "#b8c8d8"
    },
    {
      "type": "directional",
      "intensity": 1.4,
      "colorHex": "#fff8f0",
      "position": [
        20,
        50,
        15
      ],
      "castShadow": true
    }
  ],
  "navmesh": null,
  "skybox": {
    "type": "gradient",
    "topColor": "#3a6ea5",
    "bottomColor": "#c9e4f0"
  },
  "fog": {
    "type": "linear",
    "color": "#c9e4f0",
    "near": 30,
    "far": 80
  },
  "physics": {
    "gravity": [
      0,
      -9.8,
      0
    ],
    "fixedStep": 0.016,
    "iterations": 10
  }
}